2.403622168103380261e+02
4.546280035271385245e+00
3.179170351163928743e+01
9.716447150587687531e+01
4.379176529086002745e+00
1.905479966970533212e+01
2.700330557905457951e+01
6.502637767284679171e+01
1.255513209539532227e+02
1.093112329312961322e+02
-2.426463852949419220e+01
2.637248452299063217e+01
5.755993793114072332e+00
-3.385011016266894757e+01
-1.037076509054204676e+00
2.204696359761882385e-01
4.243005223643450563e+00
2.949799680288055015e+01
-9.816755563383952676e+01
4.768475894412503635e+00
4.554162687396659948e+01
-6.431241944858743409e+01
-9.469008933535637595e+01
4.923436951232300629e-01
1.602825727677776797e+02
3.032027201054339205e-01
-1.252591493452672182e+02
-1.249252260662750587e+02
5.450360477770526302e+01
-9.648370277914416704e+00
1.987031501409777690e+01
-8.101638749686006236e+01
-4.039964884057184236e+01
-5.176743007861839274e+00
5.441370145167125827e+01
-6.505208494027735489e-01
2.872030708278071387e+01
-1.665428329930877283e+01
-7.734844498615528607e+01
1.827239214498372455e+00
3.472595463287088080e+01
7.915075218834839887e+00
-1.361987079046756719e+02
2.172174121600092178e+01
-7.532273164016549671e+00
5.151511274747789804e-01
-2.055007255191614313e+00
1.105530022595135620e+02
4.183243995955308492e+01
3.693141509145295487e+01
5.881021246155322402e-01
-8.523803057286900753e+01
7.492766371459234165e+01
-4.731683939274883954e+01
5.992653574895305724e+01
9.372754152530500704e+00
1.890842382702668800e+01
4.099673199983644167e+01
8.040842879185314018e+01
2.143353387937021459e-01
5.233439546881763249e+01
-1.208205525372942013e+01
2.074859780864908601e+02
-5.100068326749100933e+00
5.166646131617692106e+01
8.339860997407487275e+01
-2.285677098180523501e+02
6.762149495054239878e+01
-7.149316193402331976e+01
5.107957603420133097e+01
4.701365288353092353e+01
7.518479418527184066e+01
4.555602324459886177e+01
-6.345808911600950353e+01
-1.210496563110863200e+01
-6.300196912128143367e+00
-3.195421544496418420e+01
3.691260809321587999e+01
-1.756746398305192303e+00
4.365239336140911774e+01
-1.020601623801231455e+02
6.895719887456802155e+01
-8.873248182198369705e+01
2.061741229480062287e+01
2.287264935504284580e+01
6.071823514418627354e+01
9.859676394297910917e+01
7.603632766550485478e-01
2.195969209898458629e+01
4.291156041483561978e+01
3.724711820174722732e+01
-7.656676211038211477e+01
7.804674035469486171e+01
5.438308419450324394e+00
3.799721771620071564e+01
2.808215286212068307e+01
6.444057693052028135e+00
4.598816278268974855e+01
2.161496797045617768e+01
2.295295875385001239e+01
1.027440681976889181e+02
9.610134819219165081e+01
6.481148643233660778e+01
4.850697456206557595e-02
3.602412321675163298e+01
-8.316229971036426249e+00
4.718348464261938346e+01
-9.467071537772393697e+01
-4.775157667272004192e-01
8.891855052820186245e+01
3.051289689718026210e+01
5.326201916315034168e+01
-5.271752450398726531e+00
5.713261106211311890e+00
3.339197847524754792e+01
-1.386021404876642293e+02
3.310842216124871129e+01
-3.637068994885316187e+01
1.709844165491353607e+01
4.688021802140199412e+01
7.029979130750540151e+00
1.702632194787252828e+01
2.571439772015632030e+01
3.223851966451825746e+01
5.877888166349040766e+00
-1.385531077989733006e+01
-1.081768000893745807e+02
7.922407375302707067e+01
1.552343105965821657e+01
-1.362786535837432256e+00
2.109161415854820376e+01
1.737652450310891084e+02
-1.161314002821681690e+01
-3.648218464554641116e+01
2.682958309069479697e+01
2.282454396202964730e+01
2.384883747251228669e+01
-1.253100981800690619e+02
1.058496750098962735e+01
3.755178363849685041e+01
3.762866413179303482e+00
1.802755295161077242e+01
2.182442572255761881e+00
3.641654317548604070e+01
2.062833595411681742e+01
4.931813593280336860e+00
6.657707206632974550e-01
-1.177664505408643549e+02
4.549607936710922118e-01
-6.518628959619341856e+01
6.557230724578677439e+01
-3.901747520320232532e+00
2.455184899269473586e-01
-2.787501172230488322e+00
4.783786469208713754e+00
-1.086034786668827401e+01
1.459289655609106084e+01
-4.538903894379036075e-01
-3.130619272876642256e+01
1.725440186551387711e+01
1.125923268084349189e+02
5.000179158635172172e+01
1.561329004038387591e+00
1.686562490329610497e+01
7.457246417735669297e+01
1.549443231530286624e+01
4.504806981580413350e+01
-3.253675738518314375e+01
1.076071120349759269e+00
1.403016449869171822e+02
3.040067748388880986e+01
-1.331670825060919583e+02
9.908685103652830151e+01
1.057151984034296749e-01
-2.784113258277950465e+01
-3.082082442458980509e+01
2.138890141777914167e+01
-1.203922396953664702e+02
-1.106946027754828893e-01
4.826647872816883122e+00
1.632510993142355593e+00
1.036270361304569718e+02
5.570278226955564094e+01
1.087824309165743841e+01
1.453728098073474140e+00
7.487662207364901690e+01
1.875404228544000418e+01
1.204738493788105380e+01
1.507678924797042725e+02
1.001459168601204297e+01
-9.553427472661637054e+00
1.044653119977145934e+02
-4.930336274010848285e+00
1.070696910031032623e-01
1.923360185808924072e+01
6.474671331557742349e+01
2.087575692260639215e-01
1.245912960796854208e+00
1.947553523535085418e+01
9.403999075966570587e+00
6.546753214135793542e+01
4.178430644883931677e+01
2.423038366997024795e+00
6.323495881270621766e+01
-9.222655189828049060e+01
1.143382746006271411e+01
-1.016365138399069679e+02
2.030642144763250556e+01
1.405938358730543669e+01
-2.386027523946749440e+00
-1.109774566371573279e+01
1.010908534125560720e+01
3.624900127616366774e+01
3.838193512216398773e+01
-1.891995778088669056e+01
3.584212322387859473e+01
2.059839433686737209e+01
2.704170269858037301e+01
-8.100432122998155648e+01
1.545019217486429000e+02
8.922462304137144429e+01
7.493513101450031400e+01
2.768396005219005218e+01
-5.059487374544701765e+01
6.159286266420037492e+01
6.414845942107740484e+01
-9.261485536719067113e+01
7.592752454416093144e+00
1.683672828518568565e+01
-3.278310467423658281e+01
2.072083338778834438e+00
-1.211500912981419305e+02
7.757353466022208011e+01
9.373739696649681719e+01
4.143120256060016970e+01
-2.387879282540281167e+02
-4.594153941593091162e+01
-6.487422022828228663e-01
1.432841540446336381e+01
3.354924090135888104e+00
4.032555166956438342e+00
9.099738109938741104e+00
3.272817539456253400e+01
1.337640914373568251e+02
5.920432318018572504e-01
-2.253578607665147899e+02
1.704606510296128263e+01
1.589448093021554875e+01
9.262796352902049080e+01
4.674166263524606180e+00
5.190619728377991748e+01
3.230951838646676677e+00
2.034969971124763788e+01
-7.408999455188093464e+01
8.938266295608181622e+01
1.527792974861342934e+01
3.113283613998745381e+01
8.323169293747906039e+00
-8.252471866133421763e-01
9.475013242450434348e+01
-1.050075768175170765e+02
9.791542085403244755e+01
-4.718214869203107753e+01
-3.836022935432738734e+01
-4.724112190688396851e+01
6.166331868094861335e+01
1.587874732703159566e+02
-1.155791265778509880e+00
2.026745256532167261e+01
5.781383162274742027e+00
-3.119542925738057093e+01
1.808671773179167275e+01
7.246547827167906064e+01
-1.120534863524415954e+02
3.108817234469235302e+00
3.888055947362603604e+01
9.631140315772672977e+01
-9.340989480044480375e-01
1.356396654689292802e+01
3.800633720995550391e+01
2.160983399299514218e+00
5.506819033589123080e+01
-1.119697452494871754e+02
2.198498822028848565e+01
-1.362445096778185372e+00
-1.241458174502895133e+02
4.309430623203766686e+01
2.743132620794844456e+01
5.531550112011920817e+01
5.483173830237669222e+01
1.934056895489876737e+01
5.505738223271056597e+01
-9.658902956090544478e+01
5.668980103783969327e+01
-8.955188351420089532e+01
5.299504835700364680e+01
-2.116429500552380549e+00
6.877173741332821066e+01
3.402799471092033627e+02
1.633884205002174017e+00
6.445433993371702286e+01
4.376303728608427202e-01
-6.858250265903313903e+01
1.283969498459220802e+02
3.313817153043898855e+01
-7.016803800251589962e+01
2.812779233973192916e+01
6.819354905469210415e-02
4.724490133176067275e+01
1.985820449169096591e+01
8.390499688239697207e+01
-6.969758622990033814e+01
1.239549358867232876e+01
5.459633908861601981e+01
1.697804465924041040e+01
2.410733072815766320e+01
2.504560033247526185e+00
-9.650760286647538067e+01
-8.423364000272526653e+01
5.436846806395339371e+01
4.479511963240172179e+01
9.516772110722443756e+01
-2.706056915204313285e+01
-7.527751631004989008e+01
5.191066918387413409e+01
-3.801408741542618941e+01
2.545437433427516538e+01
1.424240285174996856e+01
-1.137928900857880343e+01
8.614966917851276662e+01
-1.034181049162387751e+02
5.974835621135029307e+00
-1.022065638496661677e+01
2.755722007569226406e+01
5.027590606356617364e+00
8.358972455980785199e+00
3.301621764223046540e+01
4.528674989416568764e+01
-2.363354428704786159e+01
4.942186218512601670e+01
1.231164605374537047e+02
8.569954457246851121e+01
7.844004389740407923e+00
-1.043206773369272433e+01
2.520497431729395643e+01
8.559492857132498500e+01
-6.682170702073344160e+01
-8.235265657396119821e+00
-4.458665953761601486e+01
1.522162836504082239e+00
9.963394359587159910e-01
3.321870441793880957e+01
9.532438333826785681e-02
3.911417309114554541e+01
-1.020600557758262710e+02
2.615243123252199453e+01
7.461549308858185903e+00
-3.873246750118148007e+00
6.477552040349226559e+01
-9.376987023722417547e+00
-1.391124942921566188e+01
-4.223030125547293068e+00
4.768784874138145824e+01
2.891435825474640176e+00
1.316924458175153632e+02
-7.492950876047814290e+00
4.901459086577094126e+01
-1.017937444757492571e+01
3.874694835979536123e+01
-4.241595615090022164e+01
-4.382081654186388420e+01
4.947193878025891678e+01
1.657454556242436894e+01
-6.082759631466826278e+01
-7.736532361283730452e+00
4.229301030612287349e+01
2.638859786840207633e+01
-9.772758803361474733e+00
2.303039731473741636e+00
-6.565122568313443985e+00
-1.226504947310971261e+01
1.581074501514833344e+02
4.560230437888711741e+00
-2.406124884122189655e+02
6.797345287080877263e+00
9.047888683593502179e+00
-3.772511665481999898e+01
-1.831617420372618454e+01
1.487548506579419616e+00
5.345299044035546387e+01
4.535114739301597098e+01
2.657278447168849311e+01
-1.135687222401775287e+01
3.617404769198136888e-03
-7.671007516982069063e+00
-1.166183820443660590e-01
2.877220712159233429e+01
4.354180886692565622e+01
4.543276926123061088e+01
3.115009605742903176e+01
4.721605901987345533e+01
1.243155897415380906e+00
4.311851737656250094e+01
2.141231398291483234e-01
-1.150410617753618112e+02
7.615820153880777355e+01
-9.388288885172525511e+01
-4.467079078984642138e+01
7.151181055688269339e+00
1.322199454957293874e+01
1.232406207591660348e+02
-8.755857294889810305e+01
-6.457347380402870840e+01
3.827794939918065609e+01
1.192840517242110963e+02
4.872987078466536559e+00
6.446159531823587940e+01
6.456390917415421882e+01
5.850056945795324737e+01
7.942470840916949726e+01
1.005993820020708398e+02
-2.154774117321366589e+02
4.012978612538287138e+01
1.783033205207985006e+01
1.026601080639896395e+02
-1.080543586547038615e+02
1.640640493548876933e+01
-4.647611256588756845e+01
4.783177835891802943e+01
1.370008755770544795e+01
-1.358441752636016808e+01
-3.560933549978572366e+00
5.650814345082422108e+01
-5.173385089175552842e+00
4.743910152704553695e+01
-9.233887502653164159e-01
1.010779362795905190e+00
5.014131872307045157e+00
8.671924473842787862e+00
5.147360001413917807e+00
3.868725626742465096e+01
1.846886118345848899e+02
5.200667907128479328e+01
1.527121614654204151e+01
6.565430387129666201e+00
1.550475487259762275e+01
1.054438433476839698e+01
1.815016534912032142e+01
-1.982136890525693502e+02
1.020527531553636891e+02
7.426672843790066736e+01
6.840960108513925775e+01
3.744202043419736015e+01
9.048284822625842594e+01
1.601289724837524409e+00
6.081180702532304139e+00
1.366519253896680652e+01
1.064312903614884220e+01
6.940869605633800177e+01
1.866089559177265755e+01
-4.754767682114514615e-01
1.974086513603928594e+01
4.156954563591734875e+00
-6.753155142469971395e+00
3.228673125211121686e+01
-7.527751630989114062e+01
2.472228413935555125e+01
1.945046719598887819e+01
5.109376499845738273e+00
1.365154907512344806e+01
6.752112047574997611e+00
4.692303222107855731e+01
-1.083853177348058594e+01
-9.192950101490303894e+00
2.748798461091424006e+00
-1.375682888494436540e+00
-1.114117318709373166e+02
-1.539975845243354513e+00
7.878694402314099232e-01
4.231670256250354356e+01
9.013973823304500854e+01
8.330932210871293364e+01
1.621975531208352663e+02
-8.544671536134165990e+01
1.910617755200903767e-02
1.993864953769637083e+01
-1.051501444230886477e+02
1.832647319017085152e+01
5.995363986773619303e+01
4.195228244896272329e+00
6.471763961834711143e-01
1.868633342590603874e+01
7.708755754191700760e+01
1.446433605826288442e+02
-4.897293384728859778e+00
4.030626452902522772e+01
5.669619741116579092e+01
8.925437578496429580e+01
1.344342887834745568e+02
4.598077184007945561e+01
-1.047647827638710396e+02
1.470337950697122587e+01
-2.816737490343973604e+01
2.801301558208981390e+01
-2.752011278028336783e-01
5.160331126914952549e+00
5.583477881562204370e-01
6.590710842776606171e+01
1.452963548241720027e+01
1.321168740860978730e+01
-3.627696005486320274e+01
-6.922635502816387998e+01
1.607028484693626424e+01
3.527158236059622709e+01
-5.338064913563348668e+00
-1.040512943760670055e+02
2.462649474523209009e-02
1.245914478938544363e+02
2.364453792709161561e+01
2.224861086068955629e+01
-1.846861888358586112e+00
-4.769456993754484131e+01
-7.758436344359468606e+00
2.228415071156536698e+01
3.752623522587289706e+00
2.752491728093894352e+01
7.501290260260784493e+00
3.114378322046138692e+01
1.194063988008990584e+01
1.690562174367944337e+01
6.375801202793621769e+01
5.235276195591183068e+01
6.982360379184722188e-01
-1.909328107684918621e+02
1.882101192199432660e+01
7.818831381362234545e+00
3.587883928091618913e+01
1.285605733479168862e+02
-8.902022725180709362e-01
-2.460468916044971479e+02
-1.056344976185354723e+00
1.167836408448831094e+02
8.331106024353933659e-01
8.987962368905083110e+01
1.188307879716669291e+01
3.699398262645031821e+01
1.071933533608835916e+02
3.681265484399970234e+01
1.810409191655359606e+01
-2.373546529011740347e+02
4.610269035081318911e+00
6.671774136442512315e+01
9.499286753233916158e+01
-2.746455456449986010e-01
2.768395999690245546e+01
1.923486830372964107e+02
4.253731283975561439e+01
1.888295498425507901e+01
3.961117880424255588e+01
5.177560870234331958e+01
7.016222000646403956e+01
4.909622028048375597e+01
8.153985525445654048e+01
2.262919479458594907e+01
-1.161827349596202907e+01
-3.228347619159877446e+00
2.544459236670515168e+01
1.752811081045322794e+01
1.869080850431203800e+01
5.664716738741196522e+00
-1.202782210590805931e+02
-1.205271419393609307e+02
3.041469742044390046e+01
1.576498969419012752e+01
-4.380379967582972256e+01
-1.076285714747483802e+01
1.446109769998880665e+02
7.689894926206967962e-02
6.128977629056066689e+01
6.188060631566806080e+01
1.957799656931913290e+01
2.538321074358377838e-01
1.810677026236599829e+02
5.103898177563345229e+01
3.282718529860171941e+01
-8.574395364095917671e+01
5.958671615730111171e+01
3.587994141158534234e+01
5.835974906455012245e+01
2.181900100026331657e+01
1.445643043815030815e+01
5.852496786927051176e+01
-8.664689158482207887e+00
-3.787509569487711758e+01
1.547528499336305208e+00
1.147102580370249925e+01
3.479178267085523402e+01
-7.024838036662320917e+01
9.453096186337875295e+00
-2.349542508978620248e+01
-4.734365293525414131e+00
2.496757932368627309e+01
5.974163460210371035e+00
6.895628892943352639e+01
5.233746027196510653e+01
-2.889215833766373720e+01
3.587142382249820116e+01
6.359819082014399783e+01
1.656696728645834327e+01
-1.160054014847899673e+01
3.512525350317632444e+01
5.276083098690789086e+01
1.857267290250463532e+01
-1.134709012311638565e+00
2.577068342425240521e-01
1.709803396026078417e+02
3.530572755444922706e+01
-3.334486550746964895e+01
-4.798658076666974637e+01
3.397342133601201652e+01
1.443990548200955494e-02
8.876555416474516846e+01
1.123180193205535602e+02
8.227330503942192763e+01
4.554723145324794586e+01
9.005374013033654990e+01
7.540078237856027599e+00
1.313518791123037488e+02
-6.978654519075763574e+01
1.991488439034419855e+01
-1.062841010555939292e+01
6.900380875041158824e+00
4.099501073671945051e+01
-2.293569423297953733e+02
5.136616807223918357e+01
-1.135375907551639862e+01
-2.458369728287325415e+02
7.951250338350911306e+01
-1.844427048130360625e+00
-1.330587133311014192e+00
1.834090093138619295e+02
7.119935395869133821e+00
4.191104616820573625e+01
2.049724711925155063e+01
6.929420551277777918e+01
1.429602162912397390e+00
-3.109155753352442275e+01
-7.733797640355089698e+01
4.115499049825308475e+01
-1.103469825330763427e+02
5.953920595078523093e+01
-8.808386309104587752e+00
3.382385024879164348e+01
2.430780863348731913e+01
1.529858416105551910e+01
7.878453052911022780e+01
4.621336635221227596e+01
3.389364978128090655e+01
6.175510663126915212e+00
4.020934875256467933e+01
-6.988382606354432980e+00
5.251863450120259103e+01
-6.945177327167769477e+01
-2.171415568488721526e+00
7.745739707934506946e+00
1.397749031043104928e+01
6.400880374024684016e+00
5.433136765118868006e+00
5.397163639080122977e+01
-8.883941409885650842e+01
6.966908333507608120e+01
-1.849637334255460175e+00
7.626009215984392142e+01
5.936818146510170635e+01
8.308717738369176686e+01
1.626938494732634055e+01
9.258128377449267532e+01
7.551193226170836681e+01
4.761976809196256255e+01
3.863786463519353731e+01
2.754897497839047915e+01
-5.075301067510372377e+01
5.314164237040841243e+01
6.113373725435751993e+01
4.891012353974296012e+00
6.770835932228462184e+01
-2.425852685141679217e+02
-1.242122771014289029e+01
-2.207212199373777537e+02
8.200095467898785628e+00
1.333796065610361303e+01
-1.207744096259092288e+02
2.819795532758831413e+01
2.050113745283529099e+01
1.103912565363578864e+02
9.135503627803650772e+01
-1.700948706494718721e+01
2.023866386605217826e+01
9.215904975386685294e+00
6.975330411417779430e+01
-1.777841985000166858e+02
-1.190297870924872683e+02
9.719242853136304916e+01
1.342537015801205413e+01
3.993086343772390023e+00
1.734835730148337873e+01
1.557721988886597408e+00
-2.373364455839009963e+02
-3.799828852413051550e+01
3.448459716151257481e+01
5.908279841248622688e+01
1.229715509198846348e+02
3.569191761134065999e+00
-8.162303276254490925e+00
1.583696694080757261e+01
1.669664941950430403e+01
-3.338772012881715057e+01
7.506471031072376832e+01
9.681311357134605089e+01
-3.569451015010633910e+01
1.625428821113569455e+00
7.817540648107711831e+01
3.030470232188184898e-01
5.597232608943167520e+01
-1.237036459011601508e+01
5.056207743802138310e+01
3.003431486684525353e+01
-8.722216620263725417e+01
4.552180172034346839e+01
5.229941614864983990e+01
-1.354505116449147124e+02
-4.077412163745689355e+01
7.054647422085108310e+00
-1.790447307762300966e+02
-1.538862079024836405e+00
2.383997605238047157e+01
8.814682570820939134e+01
1.828675700813959182e+01
7.671665108536808830e+00
-2.867511749618940442e+01
1.319163594153637860e+02
-5.331512777039399964e+01
-4.246705192069165236e+01
5.716027261927433267e-01
9.568239384475110398e+01
-6.051638055058537802e+00
1.113649924348175944e+02
9.741574163200798608e+00
-3.079298100899064394e+01
5.487103962882217445e+01
8.322308332922563068e+01
-4.027655030953023463e+00
3.114796403834139937e+01
7.399260466149300441e+00
-1.458673344956776319e+01
7.959219056496469591e+01
9.673524930466746241e+01
3.836786845846698046e-01
-1.529234031438589341e+02
-6.581820365694819941e+01
-1.495639719478558760e+01
-1.622231978767072746e+02
7.857905060382863738e+00
2.421260184952958383e+01
1.586744845389818792e+01
5.775895178571742861e+01
1.557425889174117017e+01
-4.235842591772642329e+00
4.328315601470517038e+01
4.551832882453476969e+01
-9.354431562266798394e-01
1.412949859874400538e+01
-1.126431635109420597e+02
2.079982307891661136e-03
-8.807508583669803670e+01
-2.074233705578264519e+01
3.820164798467425626e+00
2.931558292338122040e+00
6.195131598631628833e+01
-1.185097974490765438e+02
9.742770594942356865e+01
3.644313685042650519e+00
1.196364464418251616e+00
1.311407352227551337e+00
3.656810846705759843e+01
-1.174875664875242336e+02
3.865208671105646587e-01
1.090138492802983272e+01
2.280184484810712675e+00
-4.669541645584676104e-01
1.009958080968006868e+02
6.147429646561433003e+01
7.403842655275450113e+01
-5.700955841762897158e+00
3.526812420484811383e+01
8.656031715765703893e+01
-8.631277027018055037e+01
4.082222020328752876e+01
6.131251493229328986e+01
9.409294031150351145e+01
4.919575643407879895e+00
2.902008438718565486e+01
7.035998187674363180e+01
1.719604852759631441e+01
-7.529601280356904169e+01
-5.718408448311961223e+01
1.047027171767256348e+01
-1.879127776773996743e+02
7.094793364458003282e+01
7.013176910161364219e+01
3.733616995651582116e+00
8.410300481833845598e-01
5.137515498893731092e+01
8.165992343188149505e+01
2.814335529963680216e+01
2.163125374081399599e+00
6.800892372379803419e+01
-4.712367969088544939e+00
5.756299773275399545e-01
5.547427257808763557e+01
-1.232626725073714180e+00
4.165180189570838465e+00
1.342537015662473543e+01
5.653903713921986096e+00
4.769290979076961179e+01
-1.213600474840886108e+02
3.070261993154287161e+00
4.286195091246660649e-01
-1.243546072664685056e+02
-4.056004205064045465e+00
1.785690285641081232e+01
4.656221084161896506e+00
-1.093055573424121008e+02
1.376900876061394001e+02
1.579192791482734393e+01
1.622696679940855091e+01
1.479853763357494856e+01
-3.048649443938693082e+01
5.796880574893105376e+01
2.252898992332096029e+01
-6.280664848501933406e+00
2.199477518988657465e+01
1.012067585197614639e+00
-6.270828980908411232e+00
8.373165200458183222e+01
6.487723849424840239e+01
-7.590996681108670430e+01
-1.142660446048647582e+00
3.036844029927507549e+01
-1.079777419265070648e+00
9.948017857166632893e+01
1.721865854523177859e+02
-1.340049310751227551e+02
3.141376961310481875e+01
7.270720044531344683e+00
8.863476851430679915e+01
-5.926490129547151930e+00
1.541323635968910466e+01
4.064512861893072682e+01
-5.474436871798272541e+00
2.609079943501399868e+01
-1.872235039773930794e+02
6.036667999451821487e+01
6.329043190802353891e+00
-2.203543697481802042e+02
8.504103247350629147e+01
3.655222092022416547e+01
3.435175662766690863e+01
1.596905918525636814e+01
-7.169586689448181005e+01
3.932922809885504734e+01
1.135673680970611876e+01
-2.466331691954389953e+02
1.519447060507985725e+01
-1.159099230699450231e+02
1.030196656037880842e+02
9.993952135582926388e+00
-3.970140094872557057e+01
-2.904513781740017286e+00
5.575221990001492856e+01
1.023539578542858131e+01
1.036213446854366182e+01
1.526482345710468103e+01
1.199657898653490804e+02
7.501730778221825346e+01
1.022194251889655163e+02
2.337846545090558781e+00
9.227632728342339163e+00
-2.049902487776339228e+02
-1.288888918364540359e+02
3.714121899011042416e+01
4.627709836691445844e+01
2.296341102422220004e+00
1.441301399834039785e+02
-2.330778891140427618e+02
3.643068939799033679e+00
8.534773497512148310e+00
1.805725615596760036e+01
-1.156368623459435838e+02
8.146250265173802063e+01
-1.191210181093301941e+02
8.321732505660129675e+01
3.268918186786822133e+01
-1.200026528792686520e+01
-2.444794210480250740e+02
-5.119010498976260948e+01
3.672638083038151535e+01
3.961034452342178014e+01
5.073262299033139300e+01
-1.228017569584899888e+02
7.987918162357570395e+01
4.732163477734644630e+01
3.438901113301318446e+01
3.224438953429690002e+01
-1.200231976283198243e+01
-1.277597449489677395e+01
2.764261627894649109e+01
1.709871304916515840e+02
-7.325130828532530813e+01
-8.849167622336231886e+00
8.885978832829360385e+01
1.930525845044604560e+00
9.504622394198874247e+01
3.707969144430474540e+00
2.075886344316609122e+00
2.611183759397161452e+01
1.047021493176364970e+01
-5.172396513763496273e+01
5.751260915395480566e+01
9.206605387236576732e+00
4.571544255465305184e+01
1.670082090683521869e+01
6.649791538751243536e+01
-7.320330876749933324e+00
2.638264665113081164e-02
2.399213174234150614e+01
6.336369166137178865e+01
4.621532481888547927e+00
-1.388196960699484634e+02
9.724301544297522071e+01
2.785475228030764860e+00
-2.979481112469483506e+01
2.128236598493770870e+01
1.511187011986532980e+01
7.523854228142504041e+01
5.039476673163086673e+00
-5.105292779130338232e+01
1.439207791161173144e+00
2.060667717338861282e-01
2.460486689929203052e+00
-3.764545513413207090e+01
4.054027133326308530e+01
4.924203086757144021e-01
2.292332810817541144e+00
2.062474560699295267e+01
1.155594697461171627e+01
-1.433526502536833505e+02
2.092149041796627529e+01
8.720506955810332528e+00
9.110318905640154341e+00
-6.396465006724678659e+01
8.409213616495996746e+01
4.548174024986337827e+01
-4.628905481270058431e+01
3.642873997948053244e+01
3.182253578188279874e+01
1.146514989167438756e+02
2.284840200352564921e+01
2.618998586586724286e+01
2.324951533390190672e+00
4.287667264687281943e+01
-1.294540881097857437e+02
1.590713052865985411e+00
3.367810858653879791e+01
5.752731922934663622e+00
6.771537617913939933e+00
3.838193512292870224e+01
4.104458512765263833e+01
9.729465362581587451e-01
-7.147579677519090957e+00
1.039904323337061598e+01
-4.315851376997736821e+01
1.376190850131984291e+02
-1.336857063353340980e+00
-1.271406262501992188e+02
-3.916237294416619363e+01
5.664110911780284141e+01
-6.025127099107198347e+01
2.993858357586608676e+00
1.222798045487685670e+00
-2.946680151638991774e+01
1.179271599555077756e+02
1.390337649227133321e+00
5.139583555136066195e+01
3.766833347205451155e+00
6.699854583317835477e+01
1.146667161063291900e+02
1.125298742416573958e+02
8.892651343981517797e+00
7.798632665795347307e+00
-1.007854826501320211e+01
1.930640470520028629e+01
1.458009264782549153e+01
1.663318203946631657e+00
8.875702234646246325e+01
1.068458281306001112e+01
9.374332995769371624e-02
8.646820739748481088e+00
1.858837126332499565e+02
7.792301079640858719e-01
-2.351976433020028310e+02
4.156494265809381083e+00
4.266749199932583281e+00
-1.049296851289960486e+01
-4.574087415117477207e+01
6.455668630518017892e+01
3.471408875171516684e+01
-3.269714047673225821e+01
4.083616176466267689e+01
7.425952270091525520e+01
-3.170473186123667908e-01
-2.207248329113645724e+01
4.056331400800221587e+01
2.513277439984287653e+01
3.018311722546671660e+01
2.037254048423891106e+02
1.266448081127126244e+02
-9.387921037120770507e+01
1.311565693033819286e+02
1.120289389490398158e+01
1.247139699711133858e+02
2.347889272831109508e+01
1.379661542251785988e+01
2.030279133609884568e+01
7.286206471845180488e+01
7.960313900780414897e+00
-1.131754430246196534e+02
2.168713441043395918e+01
-1.225284105751807147e+02
9.153724832506533460e+01
1.130825052905233363e+01
4.223806035336868092e+01
4.442045888008187404e+01
5.023581013680894714e+00
1.291164310479917532e+01
-1.421517459210316758e+01
9.760657838884237947e+01
-5.416157649502628679e-01
4.513571335468549606e+00
2.402589332313224091e+01
2.284750244544178770e+02
9.963167358745383950e-01
3.897082024254120824e+01
-8.056697560950670578e+00
5.806767112109925932e+01
4.501860989136311275e+00
-2.472613389029337583e+01
1.841742984804633565e+01
6.264204040574917798e+01
1.053499212896923609e+01
-1.010189846181916451e+01
1.067221958807715367e+02
-6.247931936442380207e-03
1.219189121785972851e+01
-6.390425626695479622e+01
2.808509800667290079e+01
-1.701063078508157522e+00
1.620731300375079229e+02
-5.075973341283646079e+00
2.754897476730377548e+01
1.690768397142070114e+02
4.149256920129027293e+01
1.826640099045811994e+01
3.026877923218245670e+00
2.231582206165354876e+01
1.837033925550055347e-01
3.394311462124946388e+00
-1.050831766350561125e+01
3.608175111197386542e+01
1.775750065596768934e+01
7.314743162197817128e+01
9.557270499208485148e+00
-5.990389728456040075e+01
2.785502722594453573e+01
6.686271055642819761e+01
-1.252280953560171355e+02
3.187796464573479582e+01
-1.439603689843113088e+01
-2.152664540480231814e+00
9.989021826303613238e+01
8.699142412279126546e+00
5.089380211462534831e+00
3.377273973362581216e+01
-1.088400314718853821e+02
2.034300041416098637e+01
1.996749219411945120e+01
7.037662799074645648e+01
-1.614499935118510088e+00
4.570219174299001708e+01
5.059271220464457208e+00
-7.498366157546514366e-01
3.187163507704894982e+00
6.665283588025994632e+00
7.417132649416529944e+00
6.326599220764973808e+01
1.251298080803263701e+01
7.326975661399401929e+01
1.031854130821492532e+02
6.483208514827751401e+00
2.417029815824194117e+01
-4.434129551217748855e+01
6.378903464872010431e+01
4.837470063979763424e+00
-2.856735555130133974e+01
1.752314044173110119e+01
-7.170229400629878569e+01
-7.038132780248868414e+01
-1.006030777835311198e+02
-6.580736704360482747e+00
1.739412091550059358e+01
5.961316906851038055e+01
2.741974555597443697e+01
5.114360364631190947e+01
4.241146199799144512e+01
4.092621374131244494e+01
-6.281424035092562264e+01
3.305012613663143028e-01
-2.432814586033453352e+01
